#
# Planck 2013 spectrum
#
# WARNING - This spectrum uses the Lizard normalisation of Fourier transform
# which includes a factor (2 pi)^-3 compared to other literature. The values
# in the 2 columsns given are:
#
# k (h/Mpc) P_k (Mpc^3 h^-3)
#
# with the cosmology:
# sigma_8 = 0.829
# Omega_M = 0.315
# Omega_L = 0.685
# Omega_b = 0.0487
# H0      = 67.3 km/s/Mpc
# n_s     = 0.9603

1.00000e-04 1.81314e+00
1.02020e-04 1.84834e+00
1.04080e-04 1.88417e+00
1.06180e-04 1.92074e+00
1.08330e-04 1.95799e+00
1.10520e-04 1.99597e+00
1.12750e-04 2.03467e+00
1.15030e-04 2.07414e+00
1.17350e-04 2.11437e+00
1.19720e-04 2.15537e+00
1.22140e-04 2.19718e+00
1.24610e-04 2.23979e+00
1.27120e-04 2.28321e+00
1.29690e-04 2.32747e+00
1.32310e-04 2.37262e+00
1.34990e-04 2.41862e+00
1.37710e-04 2.46551e+00
1.40490e-04 2.51332e+00
1.43330e-04 2.56206e+00
1.46230e-04 2.61173e+00
1.49180e-04 2.66232e+00
1.52200e-04 2.71397e+00
1.55270e-04 2.76654e+00
1.58410e-04 2.82020e+00
1.61610e-04 2.87482e+00
1.64870e-04 2.93058e+00
1.68200e-04 2.98734e+00
1.71600e-04 3.04523e+00
1.75070e-04 3.10425e+00
1.78600e-04 3.16440e+00
1.82210e-04 3.22572e+00
1.85890e-04 3.28821e+00
1.89650e-04 3.35190e+00
1.93480e-04 3.41681e+00
1.97390e-04 3.48300e+00
2.01380e-04 3.55045e+00
2.05440e-04 3.61923e+00
2.09590e-04 3.68929e+00
2.13830e-04 3.76073e+00
2.18150e-04 3.83354e+00
2.22550e-04 3.90776e+00
2.27050e-04 3.98339e+00
2.31640e-04 4.06047e+00
2.36320e-04 4.13908e+00
2.41090e-04 4.21931e+00
2.45960e-04 4.30074e+00
2.50930e-04 4.38419e+00
2.56000e-04 4.46885e+00
2.61170e-04 4.55513e+00
2.66450e-04 4.64341e+00
2.71830e-04 4.73291e+00
2.77320e-04 4.82443e+00
2.82920e-04 4.91796e+00
2.88640e-04 5.01310e+00
2.94470e-04 5.10985e+00
3.00420e-04 5.20862e+00
3.06490e-04 5.30901e+00
3.12680e-04 5.41181e+00
3.18990e-04 5.51622e+00
3.25440e-04 5.62265e+00
3.32010e-04 5.73110e+00
3.38720e-04 5.84196e+00
3.45560e-04 5.95444e+00
3.52540e-04 6.06934e+00
3.59660e-04 6.18625e+00
3.66930e-04 6.30558e+00
3.74340e-04 6.42733e+00
3.81900e-04 6.55109e+00
3.89620e-04 6.67728e+00
3.97490e-04 6.80588e+00
4.05520e-04 6.93690e+00
4.13710e-04 7.07034e+00
4.22070e-04 7.20661e+00
4.30600e-04 7.34529e+00
4.39290e-04 7.48639e+00
4.48170e-04 7.63031e+00
4.57220e-04 7.77705e+00
4.66460e-04 7.92622e+00
4.75880e-04 8.07861e+00
4.85500e-04 8.23382e+00
4.95300e-04 8.39145e+00
5.05310e-04 8.55270e+00
5.15520e-04 8.71638e+00
5.25930e-04 8.88369e+00
5.36560e-04 9.05381e+00
5.47390e-04 9.22716e+00
5.58450e-04 9.40374e+00
5.69730e-04 9.58354e+00
5.81240e-04 9.76657e+00
5.92990e-04 9.95323e+00
6.04960e-04 1.01435e+01
6.17190e-04 1.03370e+01
6.29650e-04 1.05342e+01
6.42370e-04 1.07349e+01
6.55350e-04 1.09397e+01
6.68590e-04 1.11477e+01
6.82100e-04 1.13598e+01
6.95880e-04 1.15759e+01
7.09930e-04 1.17960e+01
7.24270e-04 1.20197e+01
7.38910e-04 1.22479e+01
7.53830e-04 1.24801e+01
7.69060e-04 1.27168e+01
7.84600e-04 1.29575e+01
8.00450e-04 1.32026e+01
8.16620e-04 1.34521e+01
8.33110e-04 1.37061e+01
8.49940e-04 1.39645e+01
8.67110e-04 1.42278e+01
8.84630e-04 1.44959e+01
9.02500e-04 1.47688e+01
9.20730e-04 1.50461e+01
9.39330e-04 1.53288e+01
9.58310e-04 1.56166e+01
9.77670e-04 1.59093e+01
9.97420e-04 1.62072e+01
1.01760e-03 1.65100e+01
1.03810e-03 1.68184e+01
1.05910e-03 1.71324e+01
1.08050e-03 1.74517e+01
1.10230e-03 1.77762e+01
1.12460e-03 1.81068e+01
1.14730e-03 1.84426e+01
1.17050e-03 1.87845e+01
1.19410e-03 1.91324e+01
1.21820e-03 1.94860e+01
1.24290e-03 1.98456e+01
1.26800e-03 2.02116e+01
1.29360e-03 2.05833e+01
1.31970e-03 2.09615e+01
1.34640e-03 2.13461e+01
1.37360e-03 2.17371e+01
1.40130e-03 2.21342e+01
1.42960e-03 2.25382e+01
1.45850e-03 2.29490e+01
1.48800e-03 2.33662e+01
1.51800e-03 2.37903e+01
1.54870e-03 2.42213e+01
1.58000e-03 2.46591e+01
1.61190e-03 2.51042e+01
1.64450e-03 2.55561e+01
1.67770e-03 2.60153e+01
1.71160e-03 2.64817e+01
1.74620e-03 2.69554e+01
1.78140e-03 2.74364e+01
1.81740e-03 2.79250e+01
1.85410e-03 2.84209e+01
1.89160e-03 2.89244e+01
1.92980e-03 2.94356e+01
1.96880e-03 2.99540e+01
2.00860e-03 3.04805e+01
2.04910e-03 3.10147e+01
2.09050e-03 3.15565e+01
2.13280e-03 3.21064e+01
2.17580e-03 3.26644e+01
2.21980e-03 3.32300e+01
2.26460e-03 3.38036e+01
2.31040e-03 3.43850e+01
2.35710e-03 3.49748e+01
2.40470e-03 3.55726e+01
2.45330e-03 3.61790e+01
2.50280e-03 3.67930e+01
2.55340e-03 3.74154e+01
2.60500e-03 3.80459e+01
2.65760e-03 3.86845e+01
2.71130e-03 3.93316e+01
2.76600e-03 3.99867e+01
2.82190e-03 4.06490e+01
2.87890e-03 4.13223e+01
2.93710e-03 4.19996e+01
2.99640e-03 4.26889e+01
3.05690e-03 4.33823e+01
3.11870e-03 4.40878e+01
3.18170e-03 4.47974e+01
3.24600e-03 4.55190e+01
3.31150e-03 4.62447e+01
3.37840e-03 4.69784e+01
3.44670e-03 4.77242e+01
3.51630e-03 4.84741e+01
3.58740e-03 4.92320e+01
3.65980e-03 4.99979e+01
3.73380e-03 5.07679e+01
3.80920e-03 5.15500e+01
3.88610e-03 5.23362e+01
3.96460e-03 5.31304e+01
4.04470e-03 5.39286e+01
4.12640e-03 5.47389e+01
4.20980e-03 5.55533e+01
4.29480e-03 5.63717e+01
4.38160e-03 5.71981e+01
4.47010e-03 5.80326e+01
4.56040e-03 5.88671e+01
4.65250e-03 5.97137e+01
4.74650e-03 6.05603e+01
4.84240e-03 6.14150e+01
4.94020e-03 6.22737e+01
5.04000e-03 6.31364e+01
5.14190e-03 6.40032e+01
5.24570e-03 6.48740e+01
5.35170e-03 6.57488e+01
5.45980e-03 6.66276e+01
5.57010e-03 6.75065e+01
5.68260e-03 6.83894e+01
5.79740e-03 6.92763e+01
5.91450e-03 7.01632e+01
6.03400e-03 7.10501e+01
6.15590e-03 7.19370e+01
6.28030e-03 7.28280e+01
6.40720e-03 7.37189e+01
6.53660e-03 7.46059e+01
6.66860e-03 7.54928e+01
6.80330e-03 7.63797e+01
6.94080e-03 7.72626e+01
7.08100e-03 7.81455e+01
7.22400e-03 7.90203e+01
7.37000e-03 7.98951e+01
7.51890e-03 8.07659e+01
7.67080e-03 8.16286e+01
7.82570e-03 8.24873e+01
7.98380e-03 8.33420e+01
8.14510e-03 8.41846e+01
8.30960e-03 8.50231e+01
8.47750e-03 8.58496e+01
8.64880e-03 8.66679e+01
8.82350e-03 8.74783e+01
9.00170e-03 8.82765e+01
9.18360e-03 8.90626e+01
9.36910e-03 8.98366e+01
9.55830e-03 9.05946e+01
9.75140e-03 9.13404e+01
9.94840e-03 9.20741e+01
1.01490e-02 9.27877e+01
1.03540e-02 9.34851e+01
1.05640e-02 9.41624e+01
1.07770e-02 9.48235e+01
1.09950e-02 9.54605e+01
1.12170e-02 9.60773e+01
1.14430e-02 9.66740e+01
1.16750e-02 9.72464e+01
1.19100e-02 9.77947e+01
1.21510e-02 9.83188e+01
1.23970e-02 9.88147e+01
1.26470e-02 9.92863e+01
1.29020e-02 9.97258e+01
1.31630e-02 1.00133e+02
1.34290e-02 1.00516e+02
1.37000e-02 1.00863e+02
1.39770e-02 1.01177e+02
1.42590e-02 1.01455e+02
1.45470e-02 1.01697e+02
1.48410e-02 1.01907e+02
1.51410e-02 1.02076e+02
1.54470e-02 1.02209e+02
1.57590e-02 1.02302e+02
1.60770e-02 1.02350e+02
1.64020e-02 1.02358e+02
1.67340e-02 1.02326e+02
1.70720e-02 1.02249e+02
1.74160e-02 1.02129e+02
1.77680e-02 1.01963e+02
1.81270e-02 1.01750e+02
1.84930e-02 1.01488e+02
1.88670e-02 1.01181e+02
1.92480e-02 1.00826e+02
1.96370e-02 1.00423e+02
2.00340e-02 9.99757e+01
2.04380e-02 9.94758e+01
2.08510e-02 9.89276e+01
2.12720e-02 9.83269e+01
2.17020e-02 9.76818e+01
2.21410e-02 9.69884e+01
2.25880e-02 9.62426e+01
2.30440e-02 9.54524e+01
2.35100e-02 9.46099e+01
2.39850e-02 9.37230e+01
2.44690e-02 9.27917e+01
2.49640e-02 9.18161e+01
2.54680e-02 9.08002e+01
2.59820e-02 8.97480e+01
2.65070e-02 8.86595e+01
2.70430e-02 8.75347e+01
2.75890e-02 8.63777e+01
2.81460e-02 8.51803e+01
2.87150e-02 8.39467e+01
2.92950e-02 8.26768e+01
2.98870e-02 8.13706e+01
3.04900e-02 8.00282e+01
3.11060e-02 7.86696e+01
3.17350e-02 7.73069e+01
3.23760e-02 7.59524e+01
3.30300e-02 7.46180e+01
3.36970e-02 7.33198e+01
3.43780e-02 7.20620e+01
3.50720e-02 7.08405e+01
3.57810e-02 6.96391e+01
3.65040e-02 6.84539e+01
3.72410e-02 6.72686e+01
3.79930e-02 6.60794e+01
3.87610e-02 6.48740e+01
3.95440e-02 6.36605e+01
4.03430e-02 6.24390e+01
4.11580e-02 6.12174e+01
4.19890e-02 5.99999e+01
4.28380e-02 5.87905e+01
4.37030e-02 5.76012e+01
4.45860e-02 5.64321e+01
4.54860e-02 5.52993e+01
4.64050e-02 5.42108e+01
4.73430e-02 5.31787e+01
4.82990e-02 5.22112e+01
4.92750e-02 5.13162e+01
5.02700e-02 5.04978e+01
5.12860e-02 4.97440e+01
5.23220e-02 4.90425e+01
5.33790e-02 4.83854e+01
5.44570e-02 4.77524e+01
5.55570e-02 4.71477e+01
5.66800e-02 4.65470e+01
5.78250e-02 4.59544e+01
5.89930e-02 4.53618e+01
6.01840e-02 4.47571e+01
6.14000e-02 4.41403e+01
6.26410e-02 4.35033e+01
6.39060e-02 4.28421e+01
6.51970e-02 4.21568e+01
6.65140e-02 4.14473e+01
6.78580e-02 4.07135e+01
6.92290e-02 3.99601e+01
7.06270e-02 3.91872e+01
7.20540e-02 3.83930e+01
7.35100e-02 3.75690e+01
7.49940e-02 3.67067e+01
7.65090e-02 3.57980e+01
7.80550e-02 3.48365e+01
7.96320e-02 3.38226e+01
8.12410e-02 3.27692e+01
8.28820e-02 3.16896e+01
8.45560e-02 3.05970e+01
8.62640e-02 2.95029e+01
8.80070e-02 2.84192e+01
8.97850e-02 2.73590e+01
9.15980e-02 2.63322e+01
9.34490e-02 2.53481e+01
9.53370e-02 2.44148e+01
9.72630e-02 2.35388e+01
9.92270e-02 2.27273e+01
1.01230e-01 2.19839e+01
1.03280e-01 2.13098e+01
1.05360e-01 2.07027e+01
1.07490e-01 2.01604e+01
1.09660e-01 1.96799e+01
1.11880e-01 1.92526e+01
1.14140e-01 1.88684e+01
1.16440e-01 1.85196e+01
1.18800e-01 1.81927e+01
1.21200e-01 1.78730e+01
1.23650e-01 1.75473e+01
1.26140e-01 1.72030e+01
1.28690e-01 1.68289e+01
1.31290e-01 1.64148e+01
1.33940e-01 1.59573e+01
1.36650e-01 1.54565e+01
1.39410e-01 1.49147e+01
1.42230e-01 1.43406e+01
1.45100e-01 1.37452e+01
1.48030e-01 1.31417e+01
1.51020e-01 1.25479e+01
1.54070e-01 1.19802e+01
1.57180e-01 1.14521e+01
1.60360e-01 1.09760e+01
1.63600e-01 1.05567e+01
1.66900e-01 1.01935e+01
1.70280e-01 9.88308e+00
1.73710e-01 9.61700e+00
1.77220e-01 9.38600e+00
1.80800e-01 9.17717e+00
1.84460e-01 8.97560e+00
1.88180e-01 8.76637e+00
1.91980e-01 8.53658e+00
1.95860e-01 8.27897e+00
1.99820e-01 7.99112e+00
2.03860e-01 7.67788e+00
2.07970e-01 7.34730e+00
2.12180e-01 7.01108e+00
2.16460e-01 6.68453e+00
2.20830e-01 6.38298e+00
2.25300e-01 6.11328e+00
2.29850e-01 5.87784e+00
2.34490e-01 5.67748e+00
2.39230e-01 5.50453e+00
2.44060e-01 5.34771e+00
2.48990e-01 5.19774e+00
2.54020e-01 5.04495e+00
2.59150e-01 4.88046e+00
2.64390e-01 4.69905e+00
2.69730e-01 4.50594e+00
2.75180e-01 4.30921e+00
2.80740e-01 4.11651e+00
2.86410e-01 3.93570e+00
2.92190e-01 3.77262e+00
2.98100e-01 3.63072e+00
3.04120e-01 3.50461e+00
3.10260e-01 3.38718e+00
3.16530e-01 3.27264e+00
3.22920e-01 3.15674e+00
3.29450e-01 3.03608e+00
3.36100e-01 2.90989e+00
3.42890e-01 2.78399e+00
3.49820e-01 2.66438e+00
3.56890e-01 2.55476e+00
3.64090e-01 2.45402e+00
3.71450e-01 2.36069e+00
3.78950e-01 2.27273e+00
3.86610e-01 2.18706e+00
3.94420e-01 2.10074e+00
4.02390e-01 2.01326e+00
4.10520e-01 1.92759e+00
4.18810e-01 1.84660e+00
4.27270e-01 1.77129e+00
4.35900e-01 1.70038e+00
4.44710e-01 1.63245e+00
4.53690e-01 1.56674e+00
4.62860e-01 1.50324e+00
4.72210e-01 1.44185e+00
4.81740e-01 1.38262e+00
4.91480e-01 1.32546e+00
5.01410e-01 1.27035e+00
5.11530e-01 1.21721e+00
5.21870e-01 1.16609e+00
5.32410e-01 1.11691e+00
5.43170e-01 1.06962e+00
5.54140e-01 1.02415e+00
5.65330e-01 9.80447e-01
5.76750e-01 9.38520e-01
5.88400e-01 8.98286e-01
6.00290e-01 8.59705e-01
6.12420e-01 8.22696e-01
6.24790e-01 7.87260e-01
6.37410e-01 7.53275e-01
6.50290e-01 7.20741e-01
6.63420e-01 6.89578e-01
6.76830e-01 6.59705e-01
6.90500e-01 6.31082e-01
7.04450e-01 6.03668e-01
7.18680e-01 5.77383e-01
7.33200e-01 5.52187e-01
7.48010e-01 5.28079e-01
7.63120e-01 5.04978e-01
7.78540e-01 4.82846e-01
7.94260e-01 4.61600e-01
8.10310e-01 4.41282e-01
8.26680e-01 4.21810e-01
8.43380e-01 4.03184e-01
8.60410e-01 3.85309e-01
8.77800e-01 3.68192e-01
8.95530e-01 3.51804e-01
9.13620e-01 3.36105e-01
9.32080e-01 3.21076e-01
9.50910e-01 3.06692e-01
9.70110e-01 2.92921e-01
9.89710e-01 2.79738e-01
1.00970e+00 2.67127e-01
1.03010e+00 2.55061e-01
1.05090e+00 2.43515e-01
1.07210e+00 2.32477e-01
1.09380e+00 2.21915e-01
1.11590e+00 2.11816e-01
1.13840e+00 2.02161e-01
1.16140e+00 1.92933e-01
1.18490e+00 1.84108e-01
1.20880e+00 1.75674e-01
1.23330e+00 1.67615e-01
1.25820e+00 1.59915e-01
1.28360e+00 1.52554e-01
1.30950e+00 1.45523e-01
1.33600e+00 1.38807e-01
1.36300e+00 1.32389e-01
1.39050e+00 1.26261e-01
1.41860e+00 1.20407e-01
1.44720e+00 1.14815e-01
1.47650e+00 1.09474e-01
1.50630e+00 1.04378e-01
1.53670e+00 9.95081e-02
1.56780e+00 9.48598e-02
1.59940e+00 9.04252e-02
1.63180e+00 8.61882e-02
1.66470e+00 8.21447e-02
1.69840e+00 7.82866e-02
1.73270e+00 7.46059e-02
1.76770e+00 7.10904e-02
1.80340e+00 6.77363e-02
1.83980e+00 6.45394e-02
1.87700e+00 6.14835e-02
1.91490e+00 5.85728e-02
1.95360e+00 5.57952e-02
1.99300e+00 5.31465e-02
2.03330e+00 5.06188e-02
2.07440e+00 4.82120e-02
2.11630e+00 4.59141e-02
2.15900e+00 4.37210e-02
2.20260e+00 4.16327e-02
2.24710e+00 3.96420e-02
2.29250e+00 3.77436e-02
2.33880e+00 3.59339e-02
2.38610e+00 3.42088e-02
2.43430e+00 3.25652e-02
2.48350e+00 3.09982e-02
2.53360e+00 2.95053e-02
2.58480e+00 2.80826e-02
2.63700e+00 2.67268e-02
2.69030e+00 2.54352e-02
2.74470e+00 2.42048e-02
2.80010e+00 2.30324e-02
2.85670e+00 2.19157e-02
2.91440e+00 2.08518e-02
2.97330e+00 1.98387e-02
3.03330e+00 1.88740e-02
3.09460e+00 1.79548e-02
3.15710e+00 1.70800e-02
3.22090e+00 1.62467e-02
3.28600e+00 1.54533e-02
3.35230e+00 1.46978e-02
3.42010e+00 1.39786e-02
3.48920e+00 1.32941e-02
3.55960e+00 1.26422e-02
3.63160e+00 1.20218e-02
3.70490e+00 1.14312e-02
3.77980e+00 1.08692e-02
3.85610e+00 1.03342e-02
3.93400e+00 9.82543e-03
4.01350e+00 9.34085e-03
4.09460e+00 8.88006e-03
4.17730e+00 8.44144e-03
4.26170e+00 8.02418e-03
4.34780e+00 7.62708e-03
4.43560e+00 7.24934e-03
4.52520e+00 6.89014e-03
4.61660e+00 6.54827e-03
4.70990e+00 6.22293e-03
4.80500e+00 5.91372e-03
4.90210e+00 5.61983e-03
5.00110e+00 5.34005e-03
5.10210e+00 5.07397e-03
5.20520e+00 4.82080e-03
5.31040e+00 4.58052e-03
5.41760e+00 4.35154e-03
5.52710e+00 4.13424e-03
5.63870e+00 3.92743e-03
5.75260e+00 3.73086e-03
5.86890e+00 3.54396e-03
5.98740e+00 3.36629e-03
6.10840e+00 3.19742e-03
6.23180e+00 3.03684e-03
6.35770e+00 2.88425e-03
6.48610e+00 2.73924e-03
6.61710e+00 2.60141e-03
6.75080e+00 2.47039e-03
6.88720e+00 2.34590e-03
7.02630e+00 2.22761e-03
7.16820e+00 2.11518e-03
7.31300e+00 2.00834e-03
7.46080e+00 1.90687e-03
7.61150e+00 1.81040e-03
7.76530e+00 1.71881e-03
7.92210e+00 1.63177e-03
8.08220e+00 1.54904e-03
8.24540e+00 1.47051e-03
8.41200e+00 1.39589e-03
8.58190e+00 1.32501e-03
8.75530e+00 1.25769e-03
8.93220e+00 1.19371e-03
9.11260e+00 1.13300e-03
9.29670e+00 1.07531e-03
9.48450e+00 1.02052e-03
9.67610e+00 9.68514e-04
9.87160e+00 9.19088e-04
1.00710e+01 8.72202e-04
1.02740e+01 8.27655e-04
1.04820e+01 7.85365e-04
1.06940e+01 7.45212e-04
1.09100e+01 7.07075e-04
1.11300e+01 6.70872e-04
1.13550e+01 6.36524e-04
1.15840e+01 6.03870e-04
1.18180e+01 5.72908e-04
1.20570e+01 5.43519e-04
1.23010e+01 5.15581e-04
1.25490e+01 4.89095e-04
1.28030e+01 4.63979e-04
1.30610e+01 4.40113e-04
1.33250e+01 4.17456e-04
1.35940e+01 3.95956e-04
1.38690e+01 3.75557e-04
1.41490e+01 3.56198e-04
1.44350e+01 3.37823e-04
1.47270e+01 3.20391e-04
1.50240e+01 3.03846e-04
1.53280e+01 2.88147e-04
1.56370e+01 2.73255e-04
1.59530e+01 2.59121e-04
1.62750e+01 2.45712e-04
1.66040e+01 2.32993e-04
1.69400e+01 2.20923e-04
1.72820e+01 2.09474e-04
1.76310e+01 1.98613e-04
1.79870e+01 1.88309e-04
1.83510e+01 1.78536e-04
1.87210e+01 1.69264e-04
1.90990e+01 1.60468e-04
1.94850e+01 1.52126e-04
1.98790e+01 1.44217e-04
2.02800e+01 1.36710e-04
2.06900e+01 1.29595e-04
2.11080e+01 1.22842e-04
2.15350e+01 1.16440e-04
2.19700e+01 1.10373e-04
2.24130e+01 1.04616e-04
2.28660e+01 9.91533e-05
2.33280e+01 9.39769e-05
2.37990e+01 8.90666e-05
2.42800e+01 8.44144e-05
2.47710e+01 7.99999e-05
2.52710e+01 7.58153e-05
2.57820e+01 7.18484e-05
2.63020e+01 6.80870e-05
2.68340e+01 6.45192e-05
2.73760e+01 6.11368e-05
2.79290e+01 5.79318e-05
2.84930e+01 5.48921e-05
2.90690e+01 5.20137e-05
2.96560e+01 4.92803e-05
3.02550e+01 4.66922e-05
3.08660e+01 4.42410e-05
3.14900e+01 4.19149e-05
3.21260e+01 3.97085e-05
3.27750e+01 3.76190e-05
3.34370e+01 3.56388e-05
3.41120e+01 3.37613e-05
3.48010e+01 3.19826e-05
3.55040e+01 3.02967e-05
3.62220e+01 2.86986e-05
3.69530e+01 2.71844e-05
3.77000e+01 2.57496e-05
3.84620e+01 2.43898e-05
3.92390e+01 2.31010e-05
4.00310e+01 2.18802e-05
4.08400e+01 2.07232e-05
4.16650e+01 1.96267e-05
4.25070e+01 1.85882e-05
4.33650e+01 1.76037e-05
4.42410e+01 1.66712e-05
4.51350e+01 1.57875e-05
4.60470e+01 1.49506e-05
4.69770e+01 1.41576e-05
4.79260e+01 1.34062e-05
4.88940e+01 1.26946e-05
4.98820e+01 1.20201e-05
5.08900e+01 1.13816e-05
5.19180e+01 1.07764e-05
5.29660e+01 1.02032e-05
5.40360e+01 9.66014e-06
5.51280e+01 9.14573e-06
5.62420e+01 8.65873e-06
5.73780e+01 8.19753e-06
5.85370e+01 7.76012e-06
5.97200e+01 7.34650e-06
6.09260e+01 6.95424e-06
6.21570e+01 6.58294e-06
6.34120e+01 6.23140e-06
6.46930e+01 5.89840e-06
6.60000e+01 5.58314e-06
6.73340e+01 5.28441e-06
6.86940e+01 5.00141e-06
7.00820e+01 4.73372e-06
7.14970e+01 4.48014e-06
7.29420e+01 4.23987e-06
7.44150e+01 4.01249e-06
7.59180e+01 3.79717e-06
7.74520e+01 3.59330e-06
7.90170e+01 3.40024e-06
8.06130e+01 3.21749e-06
8.22410e+01 3.04442e-06
8.39030e+01 2.88063e-06
8.55980e+01 2.72550e-06
8.73270e+01 2.57867e-06
8.90910e+01 2.43967e-06
9.08910e+01 2.30804e-06
9.27270e+01 2.18347e-06
9.46000e+01 2.06555e-06
9.65110e+01 1.95392e-06
9.84610e+01 1.84825e-06
1.00450e+02 1.74823e-06
1.02480e+02 1.65358e-06
1.04550e+02 1.56400e-06
1.06660e+02 1.47918e-06
1.08820e+02 1.39891e-06
1.11010e+02 1.32292e-06
1.13260e+02 1.25104e-06
1.15540e+02 1.18299e-06
1.17880e+02 1.11860e-06
1.20260e+02 1.05765e-06
1.22690e+02 9.99999e-07
1.25170e+02 9.45413e-07
1.27700e+02 8.93811e-07
1.30280e+02 8.44950e-07
1.32910e+02 7.98709e-07
1.35590e+02 7.54968e-07
1.38330e+02 7.13606e-07
1.41130e+02 6.74460e-07
1.43980e+02 6.37411e-07
1.46890e+02 6.02378e-07
1.49850e+02 5.69240e-07
1.52880e+02 5.37875e-07
1.55970e+02 5.08204e-07
1.59120e+02 4.80145e-07
1.62330e+02 4.53618e-07
1.65610e+02 4.28502e-07
1.68960e+02 4.04757e-07
1.72370e+02 3.82298e-07
1.75850e+02 3.61064e-07
1.79410e+02 3.40983e-07
1.83030e+02 3.21991e-07
1.86730e+02 3.04039e-07
1.90500e+02 2.87059e-07
1.94350e+02 2.71006e-07
1.98280e+02 2.55827e-07
2.02280e+02 2.41479e-07
2.06370e+02 2.27914e-07
2.10540e+02 2.15090e-07
2.14790e+02 2.02967e-07
2.19130e+02 1.91510e-07
2.23560e+02 1.80681e-07
2.28070e+02 1.70445e-07
2.32680e+02 1.60774e-07
2.37380e+02 1.51635e-07
2.42170e+02 1.42999e-07
2.47070e+02 1.34840e-07
2.52060e+02 1.27127e-07
2.57150e+02 1.19847e-07
2.62340e+02 1.12969e-07
2.67640e+02 1.06470e-07
2.73050e+02 1.00335e-07
2.78570e+02 9.45413e-08
2.84190e+02 8.90666e-08
2.89940e+02 8.39024e-08
2.95790e+02 7.90243e-08
3.01770e+02 7.44204e-08
3.07860e+02 7.00745e-08
3.14080e+02 6.59705e-08
3.20430e+02 6.21003e-08
3.26900e+02 5.84478e-08
3.33510e+02 5.50050e-08
3.40240e+02 5.17516e-08
3.47120e+02 4.86877e-08
3.54130e+02 4.57972e-08
3.61280e+02 4.30679e-08
3.68580e+02 4.04999e-08
3.76030e+02 3.80754e-08
3.83620e+02 3.57915e-08
3.91370e+02 3.36396e-08
3.99280e+02 3.16121e-08
4.07340e+02 2.97025e-08
4.15570e+02 2.79040e-08
4.23970e+02 2.62104e-08
4.32530e+02 2.46156e-08
4.41270e+02 2.31147e-08
4.50190e+02 2.17021e-08
4.59280e+02 2.03729e-08
4.68560e+02 1.91219e-08
4.78020e+02 1.79456e-08
4.87680e+02 1.68389e-08
4.97530e+02 1.57980e-08
5.07580e+02 1.48200e-08
5.17840e+02 1.39004e-08
5.28300e+02 1.30365e-08
5.38970e+02 1.22249e-08
5.49860e+02 1.14630e-08
5.60970e+02 1.07474e-08
5.72300e+02 1.00754e-08
5.83860e+02 9.44527e-09
5.95650e+02 8.85345e-09
6.07690e+02 8.29872e-09
6.19960e+02 7.77826e-09
6.32490e+02 7.29006e-09
6.45260e+02 6.83208e-09
6.58300e+02 6.40314e-09
6.71600e+02 6.00080e-09
